<?xml version="1.0"?>
<opencv_storage>
<calibration_time>"Sun Mar 25 15:50:30 2018"</calibration_time>
<nr_of_frames>25</nr_of_frames>
<image_width>1024</image_width>
<image_height>768</image_height>
<board_width>9</board_width>
<board_height>6</board_height>
<square_size>50.</square_size>
<fix_aspect_ratio>1.</fix_aspect_ratio>
<!-- flags: +fix_aspectRatio +fix_principal_point +zero_tangent_dist +fix_k4 +fix_k5 -->
<flags>6158</flags>
<fisheye_model>0</fisheye_model>
<camera_matrix type_id="opencv-matrix">
  <rows>3</rows>
  <cols>3</cols>
  <dt>d</dt>
  <data>
    8.3089298371889276e+02 0. 512. 0. 8.3089298371889276e+02 384. 0. 0.
    1.</data></camera_matrix>
<distortion_coefficients type_id="opencv-matrix">
  <rows>5</rows>
  <cols>1</cols>
  <dt>d</dt>
  <data>
    -5.2069291580197263e-01 3.3621935386851437e-01 0. 0.
    -1.2776955918614782e-01</data></distortion_coefficients>
<avg_reprojection_error>9.6511607098046637e-01</avg_reprojection_error>
<per_view_reprojection_errors type_id="opencv-matrix">
  <rows>25</rows>
  <cols>1</cols>
  <dt>f</dt>
  <data>
    1.05712175e+00 5.02490640e-01 5.31833172e-01 4.41313893e-01
    4.50096548e-01 7.56931722e-01 7.06440330e-01 1.19836462e+00
    5.08316159e-01 6.05358899e-01 6.15706801e-01 6.06404483e-01
    6.10889077e-01 1.35723925e+00 1.31714070e+00 7.45106816e-01
    1.28754413e+00 2.11737680e+00 1.17845285e+00 1.08770621e+00
    1.15123916e+00 8.05666924e-01 7.87245631e-01 9.63703334e-01
    7.84292698e-01</data></per_view_reprojection_errors>
<!-- a set of 6-tuples (rotation vector + translation vector) for each view -->
<extrinsic_parameters type_id="opencv-matrix">
  <rows>25</rows>
  <cols>6</cols>
  <dt>d</dt>
  <data>
    6.5529748938964683e-02 -4.9496968347997515e-02
    -1.5570074107484833e+00 8.1238251203383541e+01
    1.7605488446202440e+02 4.5262930152253409e+02 6.9204352822688692e-02
    -3.8507979401914756e-02 -1.5622799547911390e+00
    9.8939772297375882e+01 1.6923198023935851e+02 4.4974771104687403e+02
    5.8722868987314887e-02 -5.0820864475899688e-02
    -1.5584351722835723e+00 1.0581384996207935e+02
    1.8156656130167491e+02 4.4668231692715540e+02 5.0865111995994902e-02
    -5.4332406622225674e-02 -1.5599116054193087e+00
    1.0039488419501109e+02 1.8538307414951504e+02 4.4690617868591693e+02
    -5.1984620424947163e-02 -3.6125112408021957e-02
    1.5939838419933610e+00 3.2583847071782611e+02
    -1.9997767748293074e+02 4.5850063574019555e+02
    -2.9359306629352669e-02 -3.0244351014254871e-02
    1.6021082821580386e+00 3.3029317780907405e+02
    -1.9235875056679834e+02 4.4991969078454986e+02
    -2.2363407259996335e-02 -3.1207835244692495e-02
    1.6017435333121193e+00 3.3770163541407629e+02
    -1.9763907743949576e+02 4.4744329389467492e+02
    -2.2972485645430668e-02 -2.9862109540942133e-02
    1.6263621350953212e+00 3.3989748336814171e+02
    -1.8503802408001607e+02 4.4908762076294545e+02
    -1.8539025087235629e-02 -1.7706782527165080e-02
    1.5907075435281983e+00 3.3517079090223132e+02
    -2.0745333250899404e+02 4.5110826074915838e+02
    -2.5440898903297496e-02 -2.0893861235154073e-02
    1.5923822198132120e+00 3.3576813152440639e+02
    -2.0276150894796996e+02 4.5050491276268804e+02
    -3.1448418863368258e-02 -2.5981852715923345e-02
    1.6150559499771326e+00 3.2670026518347345e+02
    -1.9764625985607341e+02 4.5447196570854180e+02
    -2.8952957799560326e-02 -2.2694210635767181e-02
    1.6049424290958054e+00 3.2747411650866064e+02
    -1.9508868886069291e+02 4.5470001222287885e+02
    1.6338727164258188e-02 2.3753373457935479e-02
    -3.1026609590875656e+00 2.0612008540454474e+02
    1.2076208187515684e+02 5.6409335540683060e+02
    -4.9363808449404786e-02 -6.6252602671649063e-02
    4.3152290550067141e-02 -1.7605400229005159e+02
    -1.2883309536591614e+02 3.1630655639066021e+02
    -2.2016770248522048e-02 -4.5026709088235320e-02
    1.8461574574046048e-02 -1.8722884069816024e+02
    -1.1421332986346427e+02 3.1491915763396281e+02
    -2.0828403184446110e-02 -5.0500509452028844e-02
    1.4357385301785527e-02 -1.9228292541979101e+02
    -1.2175897230111822e+02 3.1600804690393153e+02
    -1.7848025565425085e-02 -4.0212153422319548e-02
    1.6400277552963017e-02 -1.8227360469166254e+02
    -1.2318979997251353e+02 3.1519417468447739e+02
    -3.0407351941364930e-02 -3.8617399946314482e-02
    2.9419220024610372e-02 -1.7302036076750065e+02
    -1.2680690424584917e+02 3.1654710584925175e+02
    -8.9072991467201244e-03 -3.9752399733106160e-02
    2.0637103662129206e-02 -1.7553799402992260e+02
    -1.3458959167540320e+02 3.1022321564459321e+02
    4.9241092736636509e-02 -3.3368610384168391e-02
    -3.1045958464090191e+00 1.7904823249791446e+02
    1.2453783218221511e+02 3.2626617759703123e+02 4.7821114755769521e-02
    -5.0909125518749251e-02 -3.1024444221246754e+00
    1.8322118640764955e+02 1.3530506859838803e+02 3.2593138005656493e+02
    4.1016577515314533e-02 -5.8028783225526730e-02
    -3.1006549237206258e+00 1.9046838150606854e+02
    1.3427518420035977e+02 3.2826276750820233e+02 3.9636837409701031e-02
    -5.9070279098116060e-02 -3.0977085070823569e+00
    1.9309703340292461e+02 1.3602464043699337e+02 3.2911933715184853e+02
    4.3678020558284389e-02 -6.5761148933184438e-02
    -3.0955696928862002e+00 1.9231403303002068e+02
    1.3748021623035063e+02 3.2943958518976945e+02 4.6565991785143250e-02
    -6.9345827459530662e-02 -3.0948627698244389e+00
    1.9096935607408352e+02 1.3990732683845036e+02 3.2806615987728486e+02</data></extrinsic_parameters>
